1.728252885399999968e+03
1.728252859200000103e+03
1.728252754099999947e+03
1.728252544299999954e+03
1.728252124000000094e+03
1.728251283000000058e+03
1.728249602999999979e+03
1.728246239999999943e+03
1.728219337700000096e+03
1.726482787200000075e+03
1.722984953899999937e+03
1.719435179000000062e+03
1.715835881100000051e+03
1.712189434899999924e+03
1.712174742100000003e+03
1.712160047900000109e+03
1.708468418800000109e+03
1.704734212699999944e+03
1.700959578899999997e+03
1.697146555300000045e+03
1.693297051300000021e+03
1.689412828300000001e+03
1.685495480999999927e+03
1.681546420500000067e+03
1.677566857699999900e+03
1.673557791400000042e+03
1.669519999500000040e+03
1.665454035299999987e+03
1.661360235999999986e+03
1.657238719299999957e+03
1.653089421800000082e+03
1.648912113600000112e+03
1.644706438500000104e+03
1.640471956500000033e+03
1.636208198900000070e+03
1.631914723399999957e+03
1.627591168800000105e+03
1.623237319600000092e+03
1.618853157400000100e+03
1.614438909199999898e+03
1.609995084800000086e+03
1.605522499899999957e+03
1.601022283999999900e+03
1.596495871000000079e+03
1.591944972000000007e+03
1.587371532500000058e+03
1.582777674200000092e+03
1.578165626499999917e+03
1.573537653600000112e+03
1.568895970100000113e+03
1.564242668999999978e+03
1.559579748299999892e+03
1.554908632599999919e+03
1.550230802499999982e+03
1.545547263899999962e+03
1.540858664600000111e+03
1.536165285999999924e+03
1.531467048900000009e+03
1.526763528299999962e+03
1.522053976400000010e+03
1.517337351299999909e+03
1.512612348500000053e+03
1.507877433699999983e+03
1.503130875300000071e+03
1.498370773899999904e+03
1.493595089400000006e+03
1.488801664699999947e+03
1.483988244099999974e+03
1.479152489399999922e+03
1.474291991099999905e+03
1.469404272400000082e+03
1.464486803199999940e+03
1.459536988699999938e+03
1.454552178599999934e+03
1.449529659000000038e+03
1.444466645900000003e+03
1.439360285400000066e+03
1.434207641899999999e+03
1.429005690299999969e+03
1.423751313199999913e+03
1.418441282199999932e+03
1.413072260200000073e+03
1.407640781300000071e+03
1.402143255200000112e+03
1.396575949699999910e+03
1.390934987099999944e+03
1.385216337600000088e+03
1.379415814200000113e+03
1.373529068999999936e+03
1.367551592199999959e+03
1.361478713599999992e+03
1.358404996600000004e+03
1.358212044299999889e+03
1.358115529400000014e+03
1.358067261700000017e+03
1.358043127599999934e+03
1.358031057800000099e+03
1.358025022799999988e+03
1.358022006800000099e+03
1.358020498999999973e+03
1.358020121100000097e+03
1.358020121100000097e+03
