9.000000000813912493e-08
2.000000000057511329e-07
6.200000000067262818e-07
1.449999999958428987e-06
3.120000000023104292e-06
6.469999999980657890e-06
1.315999999995653980e-05
2.654000000001932591e-05
1.335700000000272780e-04
6.994460000000035649e-03
2.078184999999999061e-02
3.465737999999995989e-02
4.862155999999995259e-02
6.267454999999999554e-02
6.273099999999998122e-02
6.278744000000002767e-02
7.692968000000000028e-02
9.115971000000000490e-02
1.054762599999999884e-01
1.198774700000000415e-01
1.343608200000000474e-01
1.489230799999999855e-01
1.635602600000000129e-01
1.782675299999999519e-01
1.930392100000000166e-01
2.078687099999999566e-01
2.227485000000000159e-01
2.376701199999999847e-01
2.526241599999999865e-01
2.676003099999999524e-01
2.825873500000000149e-01
2.975732599999999506e-01
3.125453000000000259e-01
3.274900899999999559e-01
3.423937400000000020e-01
3.572420299999999882e-01
3.720205599999999446e-01
3.867149399999999515e-01
4.013109799999999838e-01
4.157949199999999568e-01
4.301536200000000143e-01
4.443747799999999692e-01
4.584471399999999752e-01
4.723606700000000380e-01
4.861067500000000319e-01
4.996782499999999905e-01
5.130697300000000016e-01
5.262774199999999958e-01
5.392992999999999260e-01
5.521350800000000003e-01
5.647861499999999868e-01
5.772551000000000210e-01
5.895472699999999566e-01
6.016678399999999538e-01
6.136237300000000339e-01
6.254227900000000062e-01
6.370736299999999463e-01
6.485854300000000183e-01
6.599677200000000354e-01
6.712302199999999885e-01
6.823826699999999690e-01
6.934346700000000308e-01
7.043955600000000317e-01
7.152743200000000190e-01
7.260794400000000204e-01
7.368188799999999539e-01
7.475000099999999925e-01
7.581295700000000304e-01
7.687136599999999653e-01
7.792576700000000134e-01
7.897663699999999398e-01
8.002438299999999893e-01
8.106934799999999663e-01
8.211180999999999619e-01
8.315198599999999995e-01
8.419003299999999745e-01
8.522604799999999869e-01
8.626007500000000272e-01
8.729210099999999972e-01
8.832206200000000118e-01
8.934984299999999546e-01
9.037527880000000291e-01
9.139815439999999791e-01
9.241820689999999949e-01
9.343512430000000535e-01
9.444854550000000293e-01
9.545805920000000055e-01
9.646320259999999758e-01
9.746345920000000218e-01
9.845825639999999934e-01
9.944696230999999775e-01
9.993881630500000002e-01
9.996949877699999876e-01
9.998483738600000281e-01
9.999250603239999702e-01
9.999634019099999938e-01
9.999825722909999604e-01
9.999921573783999706e-01
9.999969498963999781e-01
9.999993461489999902e-01
9.999999452114689547e-01
9.999999452114689547e-01
