7.999999995789153218e-08
1.600000000268053668e-07
5.100000000091142738e-07
1.200000000034506797e-06
2.570000000035044252e-06
5.330000000025592044e-06
1.083000000001721475e-05
2.184000000005070774e-05
1.099300000000358324e-04
5.736540000000012185e-03
1.692415000000002667e-02
2.802362000000002684e-02
3.903442999999995333e-02
4.995645000000004110e-02
5.000000000000004441e-02
5.004355000000004772e-02
6.087631999999998378e-02
7.162128999999994861e-02
8.227974000000004562e-02
9.285352999999996193e-02
1.033451800000000365e-01
1.137579100000000176e-01
1.240957299999999597e-01
1.343634599999999901e-01
1.445667800000000058e-01
1.547122899999999746e-01
1.648074999999999957e-01
1.748608799999999963e-01
1.848818300000000248e-01
1.948806899999999676e-01
2.048686499999999855e-01
2.148577299999999690e-01
2.248606899999999742e-01
2.348909099999999528e-01
2.449622599999999872e-01
2.550889699999999705e-01
2.652854399999999835e-01
2.755660599999999461e-01
2.859450199999999942e-01
2.964360799999999907e-01
3.070523800000000136e-01
3.178062200000000281e-01
3.287088599999999916e-01
3.397703199999999590e-01
3.509992499999999849e-01
3.624027399999999455e-01
3.739862699999999540e-01
3.857535800000000403e-01
3.977066999999999686e-01
4.098459199999999747e-01
4.221698499999999576e-01
4.346758899999999537e-01
4.473587300000000377e-01
4.602131499999999598e-01
4.732322599999999602e-01
4.864081999999999573e-01
4.997323599999999866e-01
5.131955699999999343e-01
5.267882799999999976e-01
5.405007800000000140e-01
5.543233300000000030e-01
5.682463300000000217e-01
5.822604300000000510e-01
5.963566799999999724e-01
6.105265600000000514e-01
6.247621199999999764e-01
6.390559900000000182e-01
6.534014200000000105e-01
6.677923399999999843e-01
6.822233200000000775e-01
6.966896200000000094e-01
7.111871599999999294e-01
7.257125200000000831e-01
7.402629000000000570e-01
7.548361299999999385e-01
7.694306699999999832e-01
7.840455100000000010e-01
7.986802499999999805e-01
8.133349899999999799e-01
8.280103699999999955e-01
8.427075600000000222e-01
8.574282100000000240e-01
8.721744499999999345e-01
8.869489299999999687e-01
9.017547540000000472e-01
9.165955420000000409e-01
9.314754039999999513e-01
9.463989699999999505e-01
9.613714039999999850e-01
9.763984319999999828e-01
9.914863729999999764e-01
9.990553331000000536e-01
9.995289771299999959e-01
9.997658254100000308e-01
9.998842561299999820e-01
9.999434731420000499e-01
9.999730820579999513e-01
9.999878866189999549e-01
9.999952889254000166e-01
9.999989900850000391e-01
9.999999153755509962e-01
9.999999153755509962e-01
